+-------------------------------------------------------------------------------------------------------------------------------------------------------------------------------------------------------------------------------------------------------+
; Legal Partition Candidates                                                                                                                                                                                                                            ;
+--------------------------------------------------+-------+----------------+--------------+----------------+--------+-----------------+---------------+-----------------+-------+----------------+--------------+------------------+-------------------+
; Hierarchy                                        ; Input ; Constant Input ; Unused Input ; Floating Input ; Output ; Constant Output ; Unused Output ; Floating Output ; Bidir ; Constant Bidir ; Unused Bidir ; Input only Bidir ; Output only Bidir ;
+--------------------------------------------------+-------+----------------+--------------+----------------+--------+-----------------+---------------+-----------------+-------+----------------+--------------+------------------+-------------------+
; inst|inst3|LPM_ADD_SUB_component|auto_generated  ; 20    ; 0              ; 0            ; 0              ; 10     ; 0               ; 0             ; 0               ; 0     ; 0              ; 0            ; 0                ; 0                 ;
; inst|inst3                                       ; 20    ; 5              ; 0            ; 5              ; 10     ; 5               ; 5             ; 5               ; 0     ; 0              ; 0            ; 0                ; 0                 ;
; inst|inst2|LPM_CLSHIFT_component|auto_generated  ; 17    ; 0              ; 0            ; 0              ; 16     ; 0               ; 0             ; 0               ; 0     ; 0              ; 0            ; 0                ; 0                 ;
; inst|inst2                                       ; 17    ; 7              ; 0            ; 7              ; 16     ; 7               ; 7             ; 7               ; 0     ; 0              ; 0            ; 0                ; 0                 ;
; inst|inst4|$00000|auto_generated                 ; 21    ; 0              ; 0            ; 0              ; 10     ; 0               ; 0             ; 0               ; 0     ; 0              ; 0            ; 0                ; 0                 ;
; inst|inst1|LPM_CLSHIFT_component|auto_generated  ; 9     ; 0              ; 0            ; 0              ; 8      ; 0               ; 0             ; 0               ; 0     ; 0              ; 0            ; 0                ; 0                 ;
; inst|inst1                                       ; 9     ; 4              ; 0            ; 4              ; 8      ; 4               ; 4             ; 4               ; 0     ; 0              ; 0            ; 0                ; 0                 ;
; inst                                             ; 20    ; 10             ; 0            ; 10             ; 20     ; 10              ; 10            ; 10              ; 0     ; 0              ; 0            ; 0                ; 0                 ;
; inst1|inst3|LPM_ADD_SUB_component|auto_generated ; 20    ; 0              ; 0            ; 0              ; 10     ; 0               ; 0             ; 0               ; 0     ; 0              ; 0            ; 0                ; 0                 ;
; inst1|inst3                                      ; 20    ; 5              ; 0            ; 5              ; 10     ; 5               ; 5             ; 5               ; 0     ; 0              ; 0            ; 0                ; 0                 ;
; inst1|inst2|LPM_CLSHIFT_component|auto_generated ; 17    ; 0              ; 0            ; 0              ; 16     ; 0               ; 0             ; 0               ; 0     ; 0              ; 0            ; 0                ; 0                 ;
; inst1|inst2                                      ; 17    ; 7              ; 0            ; 7              ; 16     ; 7               ; 7             ; 7               ; 0     ; 0              ; 0            ; 0                ; 0                 ;
; inst1|inst4|$00000|auto_generated                ; 21    ; 0              ; 0            ; 0              ; 10     ; 0               ; 0             ; 0               ; 0     ; 0              ; 0            ; 0                ; 0                 ;
; inst1|inst1|LPM_CLSHIFT_component|auto_generated ; 9     ; 0              ; 0            ; 0              ; 8      ; 0               ; 0             ; 0               ; 0     ; 0              ; 0            ; 0                ; 0                 ;
; inst1|inst1                                      ; 9     ; 4              ; 0            ; 4              ; 8      ; 4               ; 4             ; 4               ; 0     ; 0              ; 0            ; 0                ; 0                 ;
; inst1                                            ; 20    ; 0              ; 0            ; 0              ; 20     ; 0               ; 0             ; 0               ; 0     ; 0              ; 0            ; 0                ; 0                 ;
; inst2|inst3|LPM_ADD_SUB_component|auto_generated ; 20    ; 0              ; 0            ; 0              ; 10     ; 0               ; 0             ; 0               ; 0     ; 0              ; 0            ; 0                ; 0                 ;
; inst2|inst3                                      ; 20    ; 5              ; 0            ; 5              ; 10     ; 5               ; 5             ; 5               ; 0     ; 0              ; 0            ; 0                ; 0                 ;
; inst2|inst2|LPM_CLSHIFT_component|auto_generated ; 17    ; 0              ; 0            ; 0              ; 16     ; 0               ; 0             ; 0               ; 0     ; 0              ; 0            ; 0                ; 0                 ;
; inst2|inst2                                      ; 17    ; 7              ; 0            ; 7              ; 16     ; 7               ; 7             ; 7               ; 0     ; 0              ; 0            ; 0                ; 0                 ;
; inst2|inst4|$00000|auto_generated                ; 21    ; 0              ; 0            ; 0              ; 10     ; 0               ; 0             ; 0               ; 0     ; 0              ; 0            ; 0                ; 0                 ;
; inst2|inst1|LPM_CLSHIFT_component|auto_generated ; 9     ; 0              ; 0            ; 0              ; 8      ; 0               ; 0             ; 0               ; 0     ; 0              ; 0            ; 0                ; 0                 ;
; inst2|inst1                                      ; 9     ; 4              ; 0            ; 4              ; 8      ; 4               ; 4             ; 4               ; 0     ; 0              ; 0            ; 0                ; 0                 ;
; inst2                                            ; 20    ; 0              ; 0            ; 0              ; 20     ; 0               ; 0             ; 0               ; 0     ; 0              ; 0            ; 0                ; 0                 ;
; inst3|inst3|LPM_ADD_SUB_component|auto_generated ; 20    ; 0              ; 0            ; 0              ; 10     ; 0               ; 0             ; 0               ; 0     ; 0              ; 0            ; 0                ; 0                 ;
; inst3|inst3                                      ; 20    ; 5              ; 0            ; 5              ; 10     ; 5               ; 5             ; 5               ; 0     ; 0              ; 0            ; 0                ; 0                 ;
; inst3|inst2|LPM_CLSHIFT_component|auto_generated ; 17    ; 0              ; 0            ; 0              ; 16     ; 0               ; 0             ; 0               ; 0     ; 0              ; 0            ; 0                ; 0                 ;
; inst3|inst2                                      ; 17    ; 7              ; 0            ; 7              ; 16     ; 7               ; 7             ; 7               ; 0     ; 0              ; 0            ; 0                ; 0                 ;
; inst3|inst4|$00000|auto_generated                ; 21    ; 0              ; 0            ; 0              ; 10     ; 0               ; 0             ; 0               ; 0     ; 0              ; 0            ; 0                ; 0                 ;
; inst3|inst1|LPM_CLSHIFT_component|auto_generated ; 9     ; 0              ; 0            ; 0              ; 8      ; 0               ; 0             ; 0               ; 0     ; 0              ; 0            ; 0                ; 0                 ;
; inst3|inst1                                      ; 9     ; 4              ; 0            ; 4              ; 8      ; 4               ; 4             ; 4               ; 0     ; 0              ; 0            ; 0                ; 0                 ;
; inst3                                            ; 20    ; 0              ; 0            ; 0              ; 20     ; 0               ; 0             ; 0               ; 0     ; 0              ; 0            ; 0                ; 0                 ;
; inst4|inst3|LPM_ADD_SUB_component|auto_generated ; 20    ; 0              ; 0            ; 0              ; 10     ; 0               ; 0             ; 0               ; 0     ; 0              ; 0            ; 0                ; 0                 ;
; inst4|inst3                                      ; 20    ; 5              ; 0            ; 5              ; 10     ; 5               ; 5             ; 5               ; 0     ; 0              ; 0            ; 0                ; 0                 ;
; inst4|inst2|LPM_CLSHIFT_component|auto_generated ; 17    ; 0              ; 0            ; 0              ; 16     ; 0               ; 0             ; 0               ; 0     ; 0              ; 0            ; 0                ; 0                 ;
; inst4|inst2                                      ; 17    ; 7              ; 0            ; 7              ; 16     ; 7               ; 7             ; 7               ; 0     ; 0              ; 0            ; 0                ; 0                 ;
; inst4|inst4|$00000|auto_generated                ; 21    ; 0              ; 0            ; 0              ; 10     ; 0               ; 0             ; 0               ; 0     ; 0              ; 0            ; 0                ; 0                 ;
; inst4|inst1|LPM_CLSHIFT_component|auto_generated ; 9     ; 0              ; 0            ; 0              ; 8      ; 0               ; 0             ; 0               ; 0     ; 0              ; 0            ; 0                ; 0                 ;
; inst4|inst1                                      ; 9     ; 4              ; 0            ; 4              ; 8      ; 4               ; 4             ; 4               ; 0     ; 0              ; 0            ; 0                ; 0                 ;
; inst4                                            ; 20    ; 10             ; 0            ; 10             ; 20     ; 10              ; 10            ; 10              ; 0     ; 0              ; 0            ; 0                ; 0                 ;
+--------------------------------------------------+-------+----------------+--------------+----------------+--------+-----------------+---------------+-----------------+-------+----------------+--------------+------------------+-------------------+
